{
  "version":  "3.3.0",
  "energy":    -4.6740486035804940E-02,
  "additive pairwise energy": [
     0.0000000000000000E+00,
    -3.4557927151294927E-04,
    -2.9044183653141858E-04,
    -1.4448978368519167E-04,
    -1.6190390743384781E-04,
    -2.8528157727436294E-04,
    -7.5129799532869034E-05,
    -3.2152307860469098E-05,
    -1.8331815111384132E-05,
    -4.6272463205257108E-06,
    -4.8517089080744425E-05,
    -2.0877101573288807E-04,
    -2.1310067285938049E-04,
    -1.3120532678741819E-05,
    -3.8462061568980697E-06,
    -1.4174078708231082E-06,
    -1.3963468531023905E-06,
    -7.9038667417184603E-06,
    -1.9564355463937814E-06,
    -1.0501447673742820E-06,
    -8.3625664987537744E-07,
    -9.1701343581503480E-05,
    -9.9601393990122303E-05,
    -9.9473630649295509E-05,
    -3.4557927151294927E-04,
     0.0000000000000000E+00,
    -3.5242163333888693E-04,
    -3.2150766575167293E-04,
    -3.9228093208302654E-04,
    -3.4603994650387888E-04,
    -1.0347686000153367E-04,
    -1.7705806100727905E-04,
    -7.7690567158289012E-05,
    -1.5795078791449023E-05,
    -1.4320473256107267E-04,
    -3.0171964078672537E-04,
    -2.3519308795616435E-04,
    -2.7156181784569296E-05,
    -5.7594126026679914E-06,
    -2.8817762448387243E-06,
    -2.8460807189933125E-06,
    -4.1941777279190756E-05,
    -1.0898019132546042E-05,
    -4.7246824601346267E-06,
    -3.5342528574360057E-06,
    -9.6993569434811449E-05,
    -1.0493704417884952E-04,
    -1.0479403322707135E-04,
    -2.9044183653141858E-04,
    -3.5242163333888693E-04,
     0.0000000000000000E+00,
    -3.0607150677380493E-04,
    -3.6011853007346639E-04,
    -3.0731764966510279E-04,
    -5.7986124126706272E-05,
    -3.2832174955513060E-04,
    -2.5340953000109793E-04,
    -8.7776032431132928E-05,
    -3.3068889371049367E-04,
    -3.0801365556583073E-04,
    -3.0007368549484799E-04,
    -1.3744224560167926E-04,
    -2.5611308921480911E-05,
    -1.4678620761663014E-05,
    -1.4559457026680612E-05,
    -1.3103855440125588E-04,
    -2.5061480400052227E-05,
    -1.5139888296107491E-05,
    -1.2538932026330199E-05,
    -8.0269691989714607E-05,
    -5.7543272637059726E-05,
    -5.8346547170377895E-05,
    -1.4448978368519167E-04,
    -3.2150766575167293E-04,
    -3.0607150677380493E-04,
     0.0000000000000000E+00,
    -3.5764893688996428E-04,
    -2.9295627398982609E-04,
    -5.7813018075486830E-05,
    -3.3405189427749866E-04,
    -2.6549955860686924E-04,
    -1.5000066195972153E-04,
    -2.8675264477239252E-04,
    -2.7137583791355372E-04,
    -1.2989986662038071E-04,
    -7.5850085107162298E-05,
    -8.6988456250359458E-06,
    -9.2314676347805220E-06,
    -9.2299729653136612E-06,
    -2.7553149361013462E-04,
    -8.0977041471477640E-05,
    -6.0868961293969286E-05,
    -5.1117910592496472E-05,
    -2.2442460026374313E-05,
    -1.6822341989674778E-05,
    -1.6988589774312504E-05,
    -1.6190390743384781E-04,
    -3.9228093208302654E-04,
    -3.6011853007346639E-04,
    -3.5764893688996428E-04,
     0.0000000000000000E+00,
    -3.7029274379214331E-04,
    -1.1109219184168837E-04,
    -3.7673859114241377E-04,
    -1.4477803750272592E-04,
    -3.7014743981488952E-05,
    -9.9048265889928460E-05,
    -1.5807514508089658E-04,
    -4.0278737126102083E-05,
    -1.5646167661577603E-05,
    -2.1011338122628355E-06,
    -2.1109818154261139E-06,
    -2.1027982589452458E-06,
    -2.8191500971060839E-04,
    -9.7716437810413964E-05,
    -4.3947855499605826E-05,
    -2.8476311154469652E-05,
    -1.5351326859349597E-05,
    -2.3023393753979464E-05,
    -2.2780686343025581E-05,
    -2.8528157727436294E-04,
    -3.4603994650387888E-04,
    -3.0731764966510279E-04,
    -2.9295627398982609E-04,
    -3.7029274379214331E-04,
     0.0000000000000000E+00,
    -9.9501951225183238E-05,
    -1.8169805874243802E-04,
    -5.1126856185768481E-05,
    -1.1557835334699515E-05,
    -5.5551843016196391E-05,
    -1.4838263629126283E-04,
    -5.5469015399047137E-05,
    -9.9707189285023466E-06,
    -1.7479666713458990E-06,
    -1.2637539165702372E-06,
    -1.2524136268275217E-06,
    -7.2728953150047956E-05,
    -2.8164110528289443E-05,
    -8.1057702631854737E-06,
    -5.3227498703431497E-06,
    -4.5860052029665323E-05,
    -7.5661483660613397E-05,
    -7.4819576258895721E-05,
    -7.5129799532869034E-05,
    -1.0347686000153367E-04,
    -5.7986124126706272E-05,
    -5.7813018075486830E-05,
    -1.1109219184168837E-04,
    -9.9501951225183238E-05,
     0.0000000000000000E+00,
    -1.2205889771921948E-05,
    -3.0952027613410885E-06,
    -8.9814034637742418E-07,
    -3.3481471454577730E-06,
    -9.8587419223609728E-06,
    -4.0650675861126556E-06,
    -7.8907056822923799E-07,
    -1.5694937255473618E-07,
    -1.1510838857447265E-07,
    -1.1404477687776614E-07,
    -5.5871949705391846E-06,
    -2.6312450551709105E-06,
    -7.1308159341278079E-07,
    -4.6971134747360275E-07,
    -5.8989025434339095E-06,
    -1.9581525466536969E-05,
    -1.9015880183024112E-05,
    -3.2152307860469098E-05,
    -1.7705806100727905E-04,
    -3.2832174955513060E-04,
    -3.3405189427749866E-04,
    -3.7673859114241377E-04,
    -1.8169805874243802E-04,
    -1.2205889771921948E-05,
     0.0000000000000000E+00,
    -3.2258094816789759E-04,
    -3.3184263191665285E-04,
    -3.5549798984686862E-04,
    -2.6774865578089183E-04,
    -7.5557673951019634E-05,
    -1.4173350561876778E-04,
    -1.1649988246714101E-05,
    -2.2146407938727748E-05,
    -2.2342472838314110E-05,
    -3.4124098207794802E-04,
    -1.0023295853780167E-04,
    -1.0152991016664027E-04,
    -9.9842363853097524E-05,
    -5.6767778179074517E-06,
    -3.5086012320423944E-06,
    -3.5520765878275971E-06,
    -1.8331815111384132E-05,
    -7.7690567158289012E-05,
    -2.5340953000109793E-04,
    -2.6549955860686924E-04,
    -1.4477803750272592E-04,
    -5.1126856185768481E-05,
    -3.0952027613410885E-06,
    -3.2258094816789759E-04,
     0.0000000000000000E+00,
    -2.9330017934759279E-04,
    -3.2087389995096092E-04,
    -2.6080761078881617E-04,
    -1.2833145129775397E-04,
    -2.6748603436097592E-04,
    -4.5153063265383383E-05,
    -7.3724342848330036E-05,
    -7.4045310169329457E-05,
    -2.6644962665626603E-04,
    -4.6069306513162503E-05,
    -6.7870570470680445E-05,
    -7.5072570487471555E-05,
    -4.6415784583083905E-06,
    -1.9466645372287861E-06,
    -1.9848507591057602E-06,
    -4.6272463205257108E-06,
    -1.5795078791449023E-05,
    -8.7776032431132928E-05,
    -1.5000066195972153E-04,
    -3.7014743981488952E-05,
    -1.1557835334699515E-05,
    -8.9814034637742418E-07,
    -3.3184263191665285E-04,
    -2.9330017934759279E-04,
     0.0000000000000000E+00,
    -3.2966266075759533E-04,
    -1.3516561672424288E-04,
    -3.6420891084351333E-05,
    -2.7096598962443396E-04,
    -2.6615594817879134E-05,
    -7.7413202108806849E-05,
    -7.8042297244235352E-05,
    -2.6359270165623956E-04,
    -2.5669641322852013E-05,
    -6.3926914836038681E-05,
    -8.0590982095018088E-05,
    -1.2048299627815956E-06,
    -5.7721319826801200E-07,
    -5.8644270809355016E-07,
    -4.8517089080744425E-05,
    -1.4320473256107267E-04,
    -3.3068889371049367E-04,
    -2.8675264477239252E-04,
    -9.9048265889928460E-05,
    -5.5551843016196391E-05,
    -3.3481471454577730E-06,
    -3.5549798984686862E-04,
    -3.2087389995096092E-04,
    -3.2966266075759533E-04,
     0.0000000000000000E+00,
    -3.3434722179698283E-04,
    -3.2986523109218173E-04,
    -3.3834010943559694E-04,
    -9.7048383632409568E-05,
    -9.9908523836932144E-05,
    -9.9825551159813915E-05,
    -1.3606384354727035E-04,
    -1.2080222531711396E-05,
    -1.8421832294855585E-05,
    -2.2398206384912108E-05,
    -1.7410591411432740E-05,
    -4.4721096669428062E-06,
    -4.5972469772835962E-06,
    -2.0877101573288807E-04,
    -3.0171964078672537E-04,
    -3.0801365556583073E-04,
    -2.7137583791355372E-04,
    -1.5807514508089658E-04,
    -1.4838263629126283E-04,
    -9.8587419223609728E-06,
    -2.6774865578089183E-04,
    -2.6080761078881617E-04,
    -1.3516561672424288E-04,
    -3.3434722179698283E-04,
     0.0000000000000000E+00,
    -3.0695323352825142E-04,
    -2.7678506224682953E-04,
    -8.1100189692793177E-05,
    -5.5977723789049118E-05,
    -5.5539954906194188E-05,
    -6.0467086324996328E-05,
    -7.3951458110040158E-06,
    -7.2388511885088938E-06,
    -7.2262626687416564E-06,
    -7.2249764651075807E-05,
    -2.3870938611663311E-05,
    -2.4668330760748890E-05,
    -2.1310067285938049E-04,
    -2.3519308795616435E-04,
    -3.0007368549484799E-04,
    -1.2989986662038071E-04,
    -4.0278737126102083E-05,
    -5.5469015399047137E-05,
    -4.0650675861126556E-06,
    -7.5557673951019634E-05,
    -1.2833145129775397E-04,
    -3.6420891084351333E-05,
    -3.2986523109218173E-04,
    -3.0695323352825142E-04,
     0.0000000000000000E+00,
    -2.6371512381773735E-04,
    -8.6178641651672442E-05,
    -3.7339455284738603E-05,
    -3.6704400962718600E-05,
    -1.2107855688084599E-05,
    -1.6420794346726359E-06,
    -1.6428577607658553E-06,
    -1.6437746394281758E-06,
    -8.3592595860864565E-05,
    -2.3900429546259457E-05,
    -2.4880126109823555E-05,
    -1.3120532678741819E-05,
    -2.7156181784569296E-05,
    -1.3744224560167926E-04,
    -7.5850085107162298E-05,
    -1.5646167661577603E-05,
    -9.9707189285023466E-06,
    -7.8907056822923799E-07,
    -1.4173350561876778E-04,
    -2.6748603436097592E-04,
    -2.7096598962443396E-04,
    -3.3834010943559694E-04,
    -2.7678506224682953E-04,
    -2.6371512381773735E-04,
     0.0000000000000000E+00,
    -9.0972095252382326E-05,
    -9.4041487429667283E-05,
    -9.3956279452723067E-05,
    -3.1897345788076141E-05,
    -2.5443368316077705E-06,
    -4.7804906126085403E-06,
    -6.4772872805157722E-06,
    -5.7342243346850206E-06,
    -1.3965308015616922E-06,
    -1.4344301108410327E-06,
    -3.8462061568980697E-06,
    -5.7594126026679914E-06,
    -2.5611308921480911E-05,
    -8.6988456250359458E-06,
    -2.1011338122628355E-06,
    -1.7479666713458990E-06,
    -1.5694937255473618E-07,
    -1.1649988246714101E-05,
    -4.5153063265383383E-05,
    -2.6615594817879134E-05,
    -9.7048383632409568E-05,
    -8.1100189692793177E-05,
    -8.6178641651672442E-05,
    -9.0972095252382326E-05,
     0.0000000000000000E+00,
    -2.6951143523832694E-05,
    -2.6925495848943777E-05,
    -2.3813702219107328E-06,
    -2.5036143929585908E-07,
    -3.8629792959184645E-07,
    -4.6879046643818190E-07,
    -2.2187142660708119E-06,
    -4.2012806570772357E-07,
    -4.3468220771425062E-07,
    -1.4174078708231082E-06,
    -2.8817762448387243E-06,
    -1.4678620761663014E-05,
    -9.2314676347805220E-06,
    -2.1109818154261139E-06,
    -1.2637539165702372E-06,
    -1.1510838857447265E-07,
    -2.2146407938727748E-05,
    -7.3724342848330036E-05,
    -7.7413202108806849E-05,
    -9.9908523836932144E-05,
    -5.5977723789049118E-05,
    -3.7339455284738603E-05,
    -9.4041487429667283E-05,
    -2.6951143523832694E-05,
     0.0000000000000000E+00,
    -2.7877665957262451E-05,
    -5.7206798373835888E-06,
    -4.8633037070509866E-07,
    -7.9357411880915325E-07,
    -1.6164028985377544E-06,
    -5.8297154326956418E-07,
    -1.9378007978239012E-07,
    -1.6165863720776322E-07,
    -1.3963468531023905E-06,
    -2.8460807189933125E-06,
    -1.4559457026680612E-05,
    -9.2299729653136612E-06,
    -2.1027982589452458E-06,
    -1.2524136268275217E-06,
    -1.1404477687776614E-07,
    -2.2342472838314110E-05,
    -7.4045310169329457E-05,
    -7.8042297244235352E-05,
    -9.9825551159813915E-05,
    -5.5539954906194188E-05,
    -3.6704400962718600E-05,
    -9.3956279452723067E-05,
    -2.6925495848943777E-05,
    -2.7877665957262451E-05,
     0.0000000000000000E+00,
    -5.8262823502637391E-06,
    -4.4926687141673357E-07,
    -1.2019749961712991E-06,
    -1.2110288117144788E-06,
    -5.6852058896782109E-07,
    -1.5662248690518123E-07,
    -1.9593133314003178E-07,
    -7.9038667417184603E-06,
    -4.1941777279190756E-05,
    -1.3103855440125588E-04,
    -2.7553149361013462E-04,
    -2.8191500971060839E-04,
    -7.2728953150047956E-05,
    -5.5871949705391846E-06,
    -3.4124098207794802E-04,
    -2.6644962665626603E-04,
    -2.6359270165623956E-04,
    -1.3606384354727035E-04,
    -6.0467086324996328E-05,
    -1.2107855688084599E-05,
    -3.1897345788076141E-05,
    -2.3813702219107328E-06,
    -5.7206798373835888E-06,
    -5.8262823502637391E-06,
     0.0000000000000000E+00,
    -9.3734325982232047E-05,
    -9.5401624676049227E-05,
    -9.3603009716591889E-05,
    -1.2632585741191088E-06,
    -1.0569682197318083E-06,
    -1.0661577683385868E-06,
    -1.9564355463937814E-06,
    -1.0898019132546042E-05,
    -2.5061480400052227E-05,
    -8.0977041471477640E-05,
    -9.7716437810413964E-05,
    -2.8164110528289443E-05,
    -2.6312450551709105E-06,
    -1.0023295853780167E-04,
    -4.6069306513162503E-05,
    -2.5669641322852013E-05,
    -1.2080222531711396E-05,
    -7.3951458110040158E-06,
    -1.6420794346726359E-06,
    -2.5443368316077705E-06,
    -2.5036143929585908E-07,
    -4.8633037070509866E-07,
    -4.4926687141673357E-07,
    -9.3734325982232047E-05,
     0.0000000000000000E+00,
    -2.7999126366295002E-05,
    -2.7445373418920967E-05,
    -2.7319152599751873E-07,
    -3.0443058839105277E-07,
    -2.8258288725760127E-07,
    -1.0501447673742820E-06,
    -4.7246824601346267E-06,
    -1.5139888296107491E-05,
    -6.0868961293969286E-05,
    -4.3947855499605826E-05,
    -8.1057702631854737E-06,
    -7.1308159341278079E-07,
    -1.0152991016664027E-04,
    -6.7870570470680445E-05,
    -6.3926914836038681E-05,
    -1.8421832294855585E-05,
    -7.2388511885088938E-06,
    -1.6428577607658553E-06,
    -4.7804906126085403E-06,
    -3.8629792959184645E-07,
    -7.9357411880915325E-07,
    -1.2019749961712991E-06,
    -9.5401624676049227E-05,
    -2.7999126366295002E-05,
     0.0000000000000000E+00,
    -2.7987220203384418E-05,
    -1.8224897288150532E-07,
    -1.4024890724688467E-07,
    -1.7594748345295115E-07,
    -8.3625664987537744E-07,
    -3.5342528574360057E-06,
    -1.2538932026330199E-05,
    -5.1117910592496472E-05,
    -2.8476311154469652E-05,
    -5.3227498703431497E-06,
    -4.6971134747360275E-07,
    -9.9842363853097524E-05,
    -7.5072570487471555E-05,
    -8.0590982095018088E-05,
    -2.2398206384912108E-05,
    -7.2262626687416564E-06,
    -1.6437746394281758E-06,
    -6.4772872805157722E-06,
    -4.6879046643818190E-07,
    -1.6164028985377544E-06,
    -1.2110288117144788E-06,
    -9.3603009716591889E-05,
    -2.7445373418920967E-05,
    -2.7987220203384418E-05,
     0.0000000000000000E+00,
    -1.5682723795522737E-07,
    -1.3274043452404155E-07,
    -1.1609254732628400E-07,
    -9.1701343581503480E-05,
    -9.6993569434811449E-05,
    -8.0269691989714607E-05,
    -2.2442460026374313E-05,
    -1.5351326859349597E-05,
    -4.5860052029665323E-05,
    -5.8989025434339095E-06,
    -5.6767778179074517E-06,
    -4.6415784583083905E-06,
    -1.2048299627815956E-06,
    -1.7410591411432740E-05,
    -7.2249764651075807E-05,
    -8.3592595860864565E-05,
    -5.7342243346850206E-06,
    -2.2187142660708119E-06,
    -5.8297154326956418E-07,
    -5.6852058896782109E-07,
    -1.2632585741191088E-06,
    -2.7319152599751873E-07,
    -1.8224897288150532E-07,
    -1.5682723795522737E-07,
     0.0000000000000000E+00,
    -2.7931944805782077E-05,
    -2.7898744590771204E-05,
    -9.9601393990122303E-05,
    -1.0493704417884952E-04,
    -5.7543272637059726E-05,
    -1.6822341989674778E-05,
    -2.3023393753979464E-05,
    -7.5661483660613397E-05,
    -1.9581525466536969E-05,
    -3.5086012320423944E-06,
    -1.9466645372287861E-06,
    -5.7721319826801200E-07,
    -4.4721096669428062E-06,
    -2.3870938611663311E-05,
    -2.3900429546259457E-05,
    -1.3965308015616922E-06,
    -4.2012806570772357E-07,
    -1.9378007978239012E-07,
    -1.5662248690518123E-07,
    -1.0569682197318083E-06,
    -3.0443058839105277E-07,
    -1.4024890724688467E-07,
    -1.3274043452404155E-07,
    -2.7931944805782077E-05,
     0.0000000000000000E+00,
    -3.0310710393741482E-05,
    -9.9473630649295509E-05,
    -1.0479403322707135E-04,
    -5.8346547170377895E-05,
    -1.6988589774312504E-05,
    -2.2780686343025581E-05,
    -7.4819576258895721E-05,
    -1.9015880183024112E-05,
    -3.5520765878275971E-06,
    -1.9848507591057602E-06,
    -5.8644270809355016E-07,
    -4.5972469772835962E-06,
    -2.4668330760748890E-05,
    -2.4880126109823555E-05,
    -1.4344301108410327E-06,
    -4.3468220771425062E-07,
    -1.6165863720776322E-07,
    -1.9593133314003178E-07,
    -1.0661577683385868E-06,
    -2.8258288725760127E-07,
    -1.7594748345295115E-07,
    -1.1609254732628400E-07,
    -2.7898744590771204E-05,
    -3.0310710393741482E-05,
     0.0000000000000000E+00
  ],
  "non-additive pairwise energy": [
     0.0000000000000000E+00,
    -5.5818056487570482E-07,
    -9.5427081035516886E-07,
    -1.3362371529921402E-07,
     5.4141290236406664E-07,
     5.5014745204814589E-07,
     3.5071822824373922E-07,
     2.7423512680425270E-07,
     3.6136442498829873E-07,
    -5.4140321666024951E-07,
     4.3075687030994122E-07,
    -2.7731779051001492E-07,
     3.3456015847767236E-07,
     1.8083066119024741E-07,
     1.6243897222611999E-07,
    -1.0193416494260850E-07,
    -1.0892554729317622E-07,
    -3.9776424637317977E-07,
    -2.0655106243912001E-07,
    -2.1973175688313748E-07,
    -2.8897818385929530E-07,
     2.4176847130708045E-07,
     1.3417119094697643E-08,
     4.3396706329359253E-08,
    -5.5818056487570482E-07,
     0.0000000000000000E+00,
    -3.9333483996337469E-07,
    -1.3339951264149531E-07,
     4.2275392289024310E-07,
     1.7706876414446192E-07,
    -1.1579976339704008E-07,
     1.1431241959877898E-07,
     5.5793789527038088E-07,
     1.5880501971918697E-07,
     1.8869515771885822E-07,
     2.5273187101123380E-08,
     4.9055660913139382E-07,
     5.1735808079954012E-07,
     2.2743748418647603E-07,
     1.4836133601022406E-08,
     5.7071932247140571E-09,
     3.1951193915147540E-07,
     1.4549041165804981E-07,
     2.9402567341458188E-08,
    -8.6990601754406662E-08,
     9.6365812176026176E-08,
    -4.2164447957958791E-07,
    -4.0133123465180931E-07,
    -9.5427081035516886E-07,
    -3.9333483996337469E-07,
     0.0000000000000000E+00,
     2.5481315409321690E-08,
     2.7265749012918275E-08,
    -4.8414132232902394E-07,
    -1.3794111747682421E-07,
    -6.5420240766735901E-08,
    -2.6565040792908508E-07,
     3.7012116826425002E-07,
    -9.6857888773003098E-08,
     2.3579808770972911E-08,
     2.7755733231391804E-08,
     6.9598401563216570E-09,
     5.1244200106800568E-08,
     6.0544357699382294E-08,
     5.6563022473291559E-08,
     1.9894711153309998E-07,
     2.1680493660706329E-07,
     2.9606462597528815E-07,
     2.6741372463436578E-07,
    -2.9887245620285628E-07,
    -3.5024582003537366E-07,
    -3.4965936393194381E-07,
    -1.3362371529921402E-07,
    -1.3339951264149531E-07,
     2.5481315409321690E-08,
     0.0000000000000000E+00,
    -4.3380643400366366E-07,
    -5.2675219994491534E-07,
    -1.7673287257436101E-07,
    -1.4718271506780123E-07,
    -1.2987116463696049E-07,
     1.7279910138456755E-07,
     2.6778549110658178E-07,
     3.1556988066800406E-07,
     7.8664919105673495E-07,
     4.9773551564982895E-07,
     2.5808921289498269E-07,
     2.1624690868356231E-07,
     2.1139217244207029E-07,
    -4.1778970459167016E-07,
    -2.9246768138530722E-07,
    -7.6995610801325605E-08,
    -7.6565322474227662E-08,
     1.7305623516887446E-07,
     4.5478435626606925E-08,
     5.0705871443941283E-08,
     5.4141290236406664E-07,
     4.2275392289024310E-07,
     2.7265749012918275E-08,
    -4.3380643400366366E-07,
     0.0000000000000000E+00,
     2.0201775319348404E-07,
    -2.8317314285530155E-07,
     1.1449887853412428E-07,
     5.3136522918340770E-07,
     6.8488818606422217E-07,
     6.1230569597752807E-07,
     9.2062184724962693E-07,
     1.0220759194980746E-06,
     2.5534484273859012E-07,
    -1.3733451707242545E-07,
    -9.7768012233314772E-08,
    -1.0480331769919045E-07,
     3.6667826716727949E-07,
     6.1621830860111546E-08,
     2.7745138453767653E-07,
     2.6682564007265761E-07,
     4.0694599078857517E-07,
     2.4838139182404164E-07,
     2.5274953352018928E-07,
     5.5014745204814589E-07,
     1.7706876414446192E-07,
    -4.8414132232902394E-07,
    -5.2675219994491534E-07,
     2.0201775319348404E-07,
     0.0000000000000000E+00,
    -6.3059606074734421E-07,
     3.1632776540475583E-07,
     8.1172296262910372E-07,
    -1.8897850005255469E-08,
     4.7989483567731492E-07,
     4.6973414490796575E-07,
     8.8490458868784074E-07,
    -1.8070436063697562E-07,
    -2.2064128745244067E-07,
    -2.6129130424683556E-07,
    -2.6951749698081764E-07,
     6.3610509087997647E-07,
     2.6633605423118316E-07,
     3.2465097511370737E-07,
     2.0789138959175408E-07,
     4.1704251404056911E-07,
     2.2329912310225500E-07,
     2.3495391457387502E-07,
     3.5071822824373922E-07,
    -1.1579976339704008E-07,
    -1.3794111747682421E-07,
    -1.7673287257436101E-07,
    -2.8317314285530155E-07,
    -6.3059606074734421E-07,
     0.0000000000000000E+00,
     2.0672140642836257E-07,
    -1.2414884075451327E-07,
    -3.9501044230084700E-07,
    -2.0352499378259316E-07,
     2.1621591831741896E-07,
     8.1464775642738129E-08,
    -3.9640661880191309E-07,
    -1.2139673281740092E-07,
    -1.1698971786762896E-07,
    -1.1889337151924499E-07,
     2.0476605345766202E-07,
     1.5887409092847904E-07,
     2.6363565348835283E-08,
    -8.0505701344530460E-08,
     2.0505071696190592E-07,
     2.0240929634471426E-07,
     2.0421338520545247E-07,
     2.7423512680425270E-07,
     1.1431241959877898E-07,
    -6.5420240766735901E-08,
    -1.4718271506780123E-07,
     1.1449887853412428E-07,
     3.1632776540475583E-07,
     2.0672140642836257E-07,
     0.0000000000000000E+00,
     1.4746621780324203E-07,
    -2.3554460266513402E-07,
     4.1143130313899952E-07,
     4.2716203327038619E-07,
     7.5631829745953068E-07,
     3.4336324857357048E-07,
     1.7190268200114147E-07,
     2.2061009776839094E-07,
     2.2099207112175624E-07,
    -5.7718814893211757E-07,
    -3.1491667010070481E-07,
    -3.0197671472525026E-07,
    -4.0090664243502474E-07,
     1.5921962889369186E-07,
    -6.2364927692481929E-08,
    -5.0738152900242878E-08,
     3.6136442498829873E-07,
     5.5793789527038088E-07,
    -2.6565040792908508E-07,
    -1.2987116463696049E-07,
     5.3136522918340770E-07,
     8.1172296262910372E-07,
    -1.2414884075451327E-07,
     1.4746621780324203E-07,
     0.0000000000000000E+00,
    -8.6848098024090026E-07,
     1.6583715976262569E-07,
     3.4333567985866080E-08,
     6.5646768016555201E-07,
     8.6842178298980728E-08,
     6.5033306017797137E-09,
    -1.3301594406953610E-07,
    -1.3407351178121739E-07,
     1.5465202430512489E-07,
     9.6251388389775774E-08,
     3.4078693155270730E-08,
    -5.8793212536288816E-08,
     2.2561112047917112E-07,
    -1.8022132788779260E-07,
    -1.6727434512471332E-07,
    -5.4140321666024951E-07,
     1.5880501971918697E-07,
     3.7012116826425002E-07,
     1.7279910138456755E-07,
     6.8488818606422217E-07,
    -1.8897850005255469E-08,
    -3.9501044230084700E-07,
    -2.3554460266513402E-07,
    -8.6848098024090026E-07,
     0.0000000000000000E+00,
    -4.2874940470287038E-08,
     4.7959737389084417E-07,
     6.6757622196916250E-07,
     5.0122831770468364E-07,
     3.0810090617587905E-07,
     2.1927894224295670E-07,
     2.2067085617416277E-07,
     4.9518830972667452E-07,
     3.3680970848617675E-07,
     2.8355601788630927E-07,
     2.2566729412712383E-07,
    -1.9570624802951462E-07,
    -2.3394821361858329E-07,
    -2.2922048229635950E-07,
     4.3075687030994122E-07,
     1.8869515771885822E-07,
    -9.6857888773003098E-08,
     2.6778549110658178E-07,
     6.1230569597752807E-07,
     4.7989483567731492E-07,
    -2.0352499378259316E-07,
     4.1143130313899952E-07,
     1.6583715976262569E-07,
    -4.2874940470287038E-08,
     0.0000000000000000E+00,
    -1.0094847970283080E-07,
     1.2220066047105258E-07,
    -6.9424065942087231E-07,
    -3.9201707302625994E-07,
    -4.5943733819002318E-07,
    -4.6327219050945797E-07,
     4.9286936104016345E-07,
     2.3754565807571758E-07,
     2.7428330739253881E-07,
     2.4730165304224186E-07,
     2.5559433725361398E-07,
     7.8209391511912539E-08,
     9.1433998434860484E-08,
    -2.7731779051001492E-07,
     2.5273187101123380E-08,
     2.3579808770972911E-08,
     3.1556988066800406E-07,
     9.2062184724962693E-07,
     4.6973414490796575E-07,
     2.1621591831741896E-07,
     4.2716203327038619E-07,
     3.4333567985866080E-08,
     4.7959737389084417E-07,
    -1.0094847970283080E-07,
     0.0000000000000000E+00,
    -3.7654835907518412E-07,
    -5.0727497878595019E-07,
    -4.5630301513873209E-07,
    -1.4628810196833660E-07,
    -1.4664732189059850E-07,
     8.8644064344240916E-07,
     3.5725924687838421E-07,
     3.6266564215206653E-07,
     3.2897641354475837E-07,
    -2.0525102354851820E-07,
     5.8911585576758308E-08,
     5.6708932952917201E-08,
     3.3456015847767236E-07,
     4.9055660913139382E-07,
     2.7755733231391804E-08,
     7.8664919105673495E-07,
     1.0220759194980746E-06,
     8.8490458868784074E-07,
     8.1464775642738129E-08,
     7.5631829745953068E-07,
     6.5646768016555201E-07,
     6.6757622196916250E-07,
     1.2220066047105258E-07,
    -3.7654835907518412E-07,
     0.0000000000000000E+00,
     2.9316326641026322E-07,
    -4.8065156982561849E-08,
     2.6484541467462371E-07,
     2.6453799289644936E-07,
     1.2886020586474537E-07,
    -1.8247519780757982E-07,
    -1.3007360683816280E-07,
    -1.6485635686353463E-07,
     5.3774682424746294E-08,
     2.4998454559391922E-07,
     2.4939660675527013E-07,
     1.8083066119024741E-07,
     5.1735808079954012E-07,
     6.9598401563216570E-09,
     4.9773551564982895E-07,
     2.5534484273859012E-07,
    -1.8070436063697562E-07,
    -3.9640661880191309E-07,
     3.4336324857357048E-07,
     8.6842178298980728E-08,
     5.0122831770468364E-07,
    -6.9424065942087231E-07,
    -5.0727497878595019E-07,
     2.9316326641026322E-07,
     0.0000000000000000E+00,
     1.2604952393249379E-07,
     1.3321161640038488E-07,
     1.2306345418709195E-07,
     6.0776659510348750E-07,
    -6.3367117790662853E-08,
     2.1337611919694535E-07,
     2.7561831494024654E-07,
     2.1525675734940397E-07,
    -1.2909433938842323E-07,
    -1.1882629923603176E-07,
     1.6243897222611999E-07,
     2.2743748418647603E-07,
     5.1244200106800568E-08,
     2.5808921289498269E-07,
    -1.3733451707242545E-07,
    -2.2064128745244067E-07,
    -1.2139673281740092E-07,
     1.7190268200114147E-07,
     6.5033306017797137E-09,
     3.0810090617587905E-07,
    -3.9201707302625994E-07,
    -4.5630301513873209E-07,
    -4.8065156982561849E-08,
     1.2604952393249379E-07,
     0.0000000000000000E+00,
     2.1402377889311739E-07,
     2.1044423202206526E-07,
    -9.2051418848159728E-08,
    -1.3701839068155000E-07,
    -6.7293919205710241E-08,
    -6.7439877074692825E-08,
     1.2202899418650638E-07,
    -7.4923573832892923E-09,
    -6.7863465253720034E-10,
    -1.0193416494260850E-07,
     1.4836133601022406E-08,
     6.0544357699382294E-08,
     2.1624690868356231E-07,
    -9.7768012233314772E-08,
    -2.6129130424683556E-07,
    -1.1698971786762896E-07,
     2.2061009776839094E-07,
    -1.3301594406953610E-07,
     2.1927894224295670E-07,
    -4.5943733819002318E-07,
    -1.4628810196833660E-07,
     2.6484541467462371E-07,
     1.3321161640038488E-07,
     2.1402377889311739E-07,
     0.0000000000000000E+00,
     3.2682792847081212E-07,
     2.5728430273497724E-07,
    -3.3407136142358041E-08,
     2.9070437823608452E-08,
     1.6038624051647629E-07,
    -1.7997402353481776E-08,
     4.8720950212254812E-09,
    -8.0387811345684225E-08,
    -1.0892554729317622E-07,
     5.7071932247140571E-09,
     5.6563022473291559E-08,
     2.1139217244207029E-07,
    -1.0480331769919045E-07,
    -2.6951749698081764E-07,
    -1.1889337151924499E-07,
     2.2099207112175624E-07,
    -1.3407351178121739E-07,
     2.2067085617416277E-07,
    -4.6327219050945797E-07,
    -1.4664732189059850E-07,
     2.6453799289644936E-07,
     1.2306345418709195E-07,
     2.1044423202206526E-07,
     3.2682792847081212E-07,
     0.0000000000000000E+00,
     2.6070300010929004E-07,
    -7.8321463193573408E-08,
     1.5013874751533826E-07,
     1.0835146934595480E-07,
    -2.4533454967646873E-08,
    -8.4692607094557219E-08,
     6.6278108998490122E-09,
    -3.9776424637317977E-07,
     3.1951193915147540E-07,
     1.9894711153309998E-07,
    -4.1778970459167016E-07,
     3.6667826716727949E-07,
     6.3610509087997647E-07,
     2.0476605345766202E-07,
    -5.7718814893211757E-07,
     1.5465202430512489E-07,
     4.9518830972667452E-07,
     4.9286936104016345E-07,
     8.8644064344240916E-07,
     1.2886020586474537E-07,
     6.0776659510348750E-07,
    -9.2051418848159728E-08,
     2.5728430273497724E-07,
     2.6070300010929004E-07,
     0.0000000000000000E+00,
     1.2327095692765846E-07,
     1.8703829783635295E-07,
     1.5656801226228519E-08,
    -2.2352476378461710E-07,
    -2.3593933987429861E-07,
    -2.2586399782482560E-07,
    -2.0655106243912001E-07,
     1.4549041165804981E-07,
     2.1680493660706329E-07,
    -2.9246768138530722E-07,
     6.1621830860111546E-08,
     2.6633605423118316E-07,
     1.5887409092847904E-07,
    -3.1491667010070481E-07,
     9.6251388389775774E-08,
     3.3680970848617675E-07,
     2.3754565807571758E-07,
     3.5725924687838421E-07,
    -1.8247519780757982E-07,
    -6.3367117790662853E-08,
    -1.3701839068155000E-07,
    -3.3407136142358041E-08,
    -7.8321463193573408E-08,
     1.2327095692765846E-07,
     0.0000000000000000E+00,
     2.3680213331836611E-07,
     1.4337769974486055E-07,
    -7.2103027848850031E-08,
    -4.3442950491584066E-08,
    -6.5450727001432687E-08,
    -2.1973175688313748E-07,
     2.9402567341458188E-08,
     2.9606462597528815E-07,
    -7.6995610801325605E-08,
     2.7745138453767653E-07,
     3.2465097511370737E-07,
     2.6363565348835283E-08,
    -3.0197671472525026E-07,
     3.4078693155270730E-08,
     2.8355601788630927E-07,
     2.7428330739253881E-07,
     3.6266564215206653E-07,
    -1.3007360683816280E-07,
     2.1337611919694535E-07,
    -6.7293919205710241E-08,
     2.9070437823608452E-08,
     1.5013874751533826E-07,
     1.8703829783635295E-07,
     2.3680213331836611E-07,
     0.0000000000000000E+00,
     3.3228747483772799E-07,
    -3.0179320319053870E-08,
    -7.0634769506393161E-08,
     1.2888665761156998E-08,
    -2.8897818385929530E-07,
    -8.6990601754406662E-08,
     2.6741372463436578E-07,
    -7.6565322474227662E-08,
     2.6682564007265761E-07,
     2.0789138959175408E-07,
    -8.0505701344530460E-08,
    -4.0090664243502474E-07,
    -5.8793212536288816E-08,
     2.2566729412712383E-07,
     2.4730165304224186E-07,
     3.2897641354475837E-07,
    -1.6485635686353463E-07,
     2.7561831494024654E-07,
    -6.7439877074692825E-08,
     1.6038624051647629E-07,
     1.0835146934595480E-07,
     1.5656801226228519E-08,
     1.4337769974486055E-07,
     3.3228747483772799E-07,
     0.0000000000000000E+00,
    -4.7651445062137603E-08,
    -3.1155492159858776E-08,
    -8.7912384116341567E-08,
     2.4176847130708045E-07,
     9.6365812176026176E-08,
    -2.9887245620285628E-07,
     1.7305623516887446E-07,
     4.0694599078857517E-07,
     4.1704251404056911E-07,
     2.0505071696190592E-07,
     1.5921962889369186E-07,
     2.2561112047917112E-07,
    -1.9570624802951462E-07,
     2.5559433725361398E-07,
    -2.0525102354851820E-07,
     5.3774682424746294E-08,
     2.1525675734940397E-07,
     1.2202899418650638E-07,
    -1.7997402353481776E-08,
    -2.4533454967646873E-08,
    -2.2352476378461710E-07,
    -7.2103027848850031E-08,
    -3.0179320319053870E-08,
    -4.7651445062137603E-08,
     0.0000000000000000E+00,
     9.5945788438112098E-08,
     1.0579989270986197E-07,
     1.3417119094697643E-08,
    -4.2164447957958791E-07,
    -3.5024582003537366E-07,
     4.5478435626606925E-08,
     2.4838139182404164E-07,
     2.2329912310225500E-07,
     2.0240929634471426E-07,
    -6.2364927692481929E-08,
    -1.8022132788779260E-07,
    -2.3394821361858329E-07,
     7.8209391511912539E-08,
     5.8911585576758308E-08,
     2.4998454559391922E-07,
    -1.2909433938842323E-07,
    -7.4923573832892923E-09,
     4.8720950212254812E-09,
    -8.4692607094557219E-08,
    -2.3593933987429861E-07,
    -4.3442950491584066E-08,
    -7.0634769506393161E-08,
    -3.1155492159858776E-08,
     9.5945788438112098E-08,
     0.0000000000000000E+00,
     2.9299787418994746E-07,
     4.3396706329359253E-08,
    -4.0133123465180931E-07,
    -3.4965936393194381E-07,
     5.0705871443941283E-08,
     2.5274953352018928E-07,
     2.3495391457387502E-07,
     2.0421338520545247E-07,
    -5.0738152900242878E-08,
    -1.6727434512471332E-07,
    -2.2922048229635950E-07,
     9.1433998434860484E-08,
     5.6708932952917201E-08,
     2.4939660675527013E-07,
    -1.1882629923603176E-07,
    -6.7863465253720034E-10,
    -8.0387811345684225E-08,
     6.6278108998490122E-09,
    -2.2586399782482560E-07,
    -6.5450727001432687E-08,
     1.2888665761156998E-08,
    -8.7912384116341567E-08,
     1.0579989270986197E-07,
     2.9299787418994746E-07,
     0.0000000000000000E+00
  ]
}
